pelvis_tilt.offset                  	0.071766132	0.072255948	0.00086345344	
hip_flexion_r.offset                	0.057102345	0.056563896	0.000831489	
knee_angle_r.offset                 	-0.068820523	-0.069674643	0.00083181606	
ankle_angle_r.offset                	-0.030842505	-0.030671717	0.00084527412	
hip_flexion_l.offset                	0.080011309	0.080295627	0.00084405174	
knee_angle_l.offset                 	0.065844858	0.066596585	0.00086870448	
ankle_angle_l.offset                	-0.11890958	-0.11854978	0.00085578228	
stance_load_threshold               	0.14621033	0.14639105	0.00085085431	
S11111.tib_ant_l.KL                 	1.1877288	1.1746224	0.00947161	
S11111.tib_ant_l.L0                 	0.80129058	0.79806021	0.0057802424	
S11111.tib_ant_l-soleus_l.KF        	-0.52176471	-0.51866386	0.0025663522	
S11111.tib_ant_r.KL                 	1.8771992	1.8776485	0.0095883723	
S11111.tib_ant_r.L0                 	0.71191785	0.71006536	0.0056244588	
S11111.tib_ant_r-soleus_r.KF        	-0.35232216	-0.35141245	0.0025722573	
S00111.soleus_l.KF                  	1.0737786	1.0735275	0.0091711025	
S00111.gastroc_l.KF                 	1.2708915	1.2890891	0.008910763	
S00111.soleus_r.KF                  	1.0542169	1.0489481	0.0098256769	
S00111.gastroc_r.KF                 	1.1920476	1.1997105	0.0084338852	
S00011.vasti_l.KF                   	1.0629438	1.0826074	0.0091999765	
S00011.vasti_l.C0                   	0.040563596	0.040708333	0.00082878369	
S00011.vasti_l-knee_angle.pos_max   	-0.13917911	-0.13866407	0.0015059727	
S00011.hamstrings_l-pelvis_tilt_l.KP	2.0603735	2.0553037	0.015776974	
S00011.hamstrings_l-pelvis_tilt_l.KV	0.42740743	0.42721888	0.0021834162	
S00011.hamstrings_l-pelvis_tilt_l.C0	-0.0055625993	-0.0047004687	0.00086989739	
S00011.glut_max_l-pelvis_tilt_l.KP  	1.9183843	1.9220119	0.016474909	
S00011.glut_max_l-pelvis_tilt_l.KV  	0.25894056	0.25870125	0.00209964	
S00011.glut_max_l-pelvis_tilt_l.C0  	0.11026889	0.1112374	0.00086463825	
S00011.iliopsoas_l-pelvis_tilt_l.KP 	-1.8366075	-1.8045532	0.015963563	
S00011.iliopsoas_l-pelvis_tilt_l.KV 	-0.81038793	-0.80778207	0.0021350627	
S00011.iliopsoas_l-pelvis_tilt_l.C0 	0.072194629	0.071778364	0.00083668533	
S00011.vasti_r.KF                   	2.3090185	2.3110689	0.0099494144	
S00011.vasti_r.C0                   	0.045198959	0.045919299	0.00083250151	
S00011.vasti_r-knee_angle.pos_max   	-0.49495483	-0.49700412	0.0015085437	
S00011.hamstrings_r-pelvis_tilt_r.KP	2.1733244	2.1632522	0.016058276	
S00011.hamstrings_r-pelvis_tilt_r.KV	0.33775209	0.33528664	0.0020964994	
S00011.hamstrings_r-pelvis_tilt_r.C0	-0.074660651	-0.074727259	0.00085697682	
S00011.glut_max_r-pelvis_tilt_r.KP  	0.25060537	0.26132969	0.016174369	
S00011.glut_max_r-pelvis_tilt_r.KV  	0.29711738	0.29443971	0.0021012422	
S00011.glut_max_r-pelvis_tilt_r.C0  	0.016561962	0.017308309	0.00085205562	
S00011.iliopsoas_r-pelvis_tilt_r.KP 	-1.323447	-1.3087541	0.016166477	
S00011.iliopsoas_r-pelvis_tilt_r.KV 	-0.54802829	-0.54719308	0.0021553301	
S00011.iliopsoas_r-pelvis_tilt_r.C0 	0.15411764	0.15355083	0.00084555365	
S00100.iliopsoas_l.C0               	0.33787551	0.33610192	0.002095135	
S00100.glut_max_l.C0                	-0.3767655	-0.38028552	0.0021293278	
S00100.iliopsoas_r.C0               	0.19836728	0.20024853	0.0021819197	
S00100.glut_max_r.C0                	-0.30720283	-0.3079939	0.0021493135	
S11000.iliopsoas_l.KL               	0.4632352	0.46137145	0.002989308	
S11000.iliopsoas_l.L0               	0.68314378	0.6849244	0.0049679739	
S11000.iliopsoas_l-pelvis_tilt_l.P0 	-0.15456394	-0.15344855	0.00089323787	
S11000.iliopsoas_l-pelvis_tilt_l.KP 	1.1095065	1.1186009	0.00971914	
S11000.iliopsoas_l-pelvis_tilt_l.KV 	0.33853918	0.33863846	0.0020750279	
S11000.iliopsoas_l-hamstrings_l.KL  	-6.1760046	-6.1484583	0.033256204	
S11000.iliopsoas_l-hamstrings_l.L0  	0.73483704	0.73033118	0.0064651673	
S11000.hamstrings_l.KF              	0.12113776	0.1241214	0.0055189899	
S11000.glut_max_l.KF                	0.10272499	0.099917421	0.0033922595	
S11000.iliopsoas_r.KL               	0.69729944	0.6998354	0.0029290082	
S11000.iliopsoas_r.L0               	0.93377619	0.93295141	0.005135884	
S11000.iliopsoas_r-pelvis_tilt_r.P0 	-0.060543846	-0.06060951	0.00088321479	
S11000.iliopsoas_r-pelvis_tilt_r.KP 	3.1060744	3.1126607	0.009794008	
S11000.iliopsoas_r-pelvis_tilt_r.KV 	0.64849184	0.6481934	0.0021145027	
S11000.iliopsoas_r-hamstrings_r.KL  	-4.2084412	-4.2300748	0.035083714	
S11000.iliopsoas_r-hamstrings_r.L0  	0.5825031	0.58804249	0.0068173895	
S11000.hamstrings_r.KF              	0.26238708	0.26763408	0.0059322387	
S11000.glut_max_r.KF                	0.52854033	0.53537646	0.0033326869	
HipActuator.a1                      	0.035072134	0.032269513	0.019633086	
HipActuator.c1                      	-2.0230169	-2.0035802	0.082959965	
HipActuator.a2                      	0.13630471	0.18667873	0.041177111	
HipActuator.c2                      	-1.6509469	-1.5676174	0.083051762	
HipActuator.a3                      	0.00018015382	-0.0072584249	0.038806083	
HipActuator.c3                      	1.4108029	1.373365	0.10286202	
HipActuator.torque_multiplier       	0.17634412	0.16346603	0.0082016325	
HipActuator.control_ratio           	0.59921133	0.59951477	0.004306039	
