pelvis_tilt.offset              	0.071843872	0.071862283	2.012852e-05	
hip_flexion_r.offset            	0.037703579	0.037682481	2.0431393e-05	
knee_angle_r.offset             	-0.058547139	-0.058553034	1.5054894e-05	
ankle_angle_r.offset            	0.025024449	0.025003697	2.1603142e-05	
hip_flexion_l.offset            	0.024800681	0.024807837	2.156223e-05	
knee_angle_l.offset             	0.019897405	0.019894481	1.9941558e-05	
ankle_angle_l.offset            	-0.089861323	-0.089848921	2.6187132e-05	
stance_load_threshold           	0.14940451	0.14939442	2.4342753e-05	
S11111.tib_ant.KL               	1.2566269	1.2566635	0.00016873687	
S11111.tib_ant.L0               	0.76007443	0.76011557	1.6909455e-05	
S11111.tib_ant-soleus.KF        	-0.3427599	-0.34275665	2.1360439e-05	
S00111.soleus.KF                	0.94535644	0.94530989	0.00010944464	
S00111.gastroc.KF               	1.2656563	1.2657283	0.00012579212	
S00011.vasti.KF                 	0.94834807	0.94840699	0.00011452689	
S00011.vasti.C0                 	0.057835453	0.057831481	1.3620735e-05	
S00011.vasti-knee_angle.pos_max 	-0.18264729	-0.18263717	2.1895202e-05	
S00011.hamstrings-pelvis_tilt.KP	1.3721166	1.3722023	0.00023413335	
S00011.hamstrings-pelvis_tilt.KV	0.30814588	0.30809552	2.218838e-05	
S00011.hamstrings-pelvis_tilt.C0	-0.031734855	-0.031762742	2.2002599e-05	
S00011.glut_max-pelvis_tilt.KP  	1.0489157	1.0487448	0.00023086982	
S00011.glut_max-pelvis_tilt.KV  	0.27139406	0.27140136	2.095165e-05	
S00011.glut_max-pelvis_tilt.C0  	0.071442906	0.071467579	2.3928879e-05	
S00011.iliopsoas-pelvis_tilt.KP 	-1.2156409	-1.2156955	0.00022695095	
S00011.iliopsoas-pelvis_tilt.KV 	-0.3972115	-0.39717571	2.2022161e-05	
S00011.iliopsoas-pelvis_tilt.C0 	0.11867204	0.1186639	3.0588377e-05	
S00100.iliopsoas.C0             	0.24466326	0.24465949	2.259906e-05	
S00100.glut_max.C0              	-0.2706738	-0.27065451	2.0704704e-05	
S11000.iliopsoas.KL             	0.35297631	0.35297833	2.0950414e-05	
S11000.iliopsoas.L0             	0.57012608	0.57013573	1.7904942e-05	
S11000.iliopsoas-pelvis_tilt.P0 	-0.028693779	-0.028715998	2.6247373e-05	
S11000.iliopsoas-pelvis_tilt.KP 	0.68062876	0.68054093	0.00017545874	
S11000.iliopsoas-pelvis_tilt.KV 	0.28699852	0.28699154	2.0617543e-05	
S11000.iliopsoas-hamstrings.KL  	-0.10137892	-0.10196845	0.00043796084	
S11000.iliopsoas-hamstrings.L0  	0.86319901	0.86322713	1.9959674e-05	
S11000.hamstrings.KF            	0.48747234	0.48744929	2.663909e-05	
S11000.glut_max.KF              	0.41978259	0.41979015	1.6648643e-05	
