pelvis_tilt.offset                  	0.060445492	0.071266145	0.006396035	
hip_flexion_r.offset                	0.041070034	0.049659372	0.0063198414	
knee_angle_r.offset                 	-0.041319677	-0.045150509	0.0064185649	
ankle_angle_r.offset                	-0.02991079	-0.029174355	0.006498908	
hip_flexion_l.offset                	-0.030424162	-0.025134089	0.0064463661	
knee_angle_l.offset                 	0.028431386	0.02337086	0.006429269	
ankle_angle_l.offset                	-0.1544873	-0.14495654	0.0063812788	
stance_load_threshold               	0.17723467	0.18108427	0.0063859119	
S11111.tib_ant_l.KL                 	0.91822623	0.86953869	0.071565151	
S11111.tib_ant_l.L0                 	0.65262459	0.69223261	0.044599856	
S11111.tib_ant_l-soleus_l.KF        	-0.29985826	-0.30473204	0.019378874	
S11111.tib_ant_r.KL                 	1.5026249	1.5672368	0.070477519	
S11111.tib_ant_r.L0                 	0.53579474	0.56012965	0.045079107	
S11111.tib_ant_r-soleus_r.KF        	-0.30083367	-0.29047626	0.019146889	
S00111.soleus_l.KF                  	1.2812022	1.1402818	0.07600624	
S00111.gastroc_l.KF                 	1.5830438	1.5564632	0.070828849	
S00111.soleus_r.KF                  	1.4091517	1.3067622	0.073364112	
S00111.gastroc_r.KF                 	1.9773165	1.9858544	0.071574989	
S00011.vasti_l.KF                   	1.7900683	1.8415918	0.07448121	
S00011.vasti_l.C0                   	0.10279129	0.097414204	0.0063925323	
S00011.vasti_l-knee_angle.pos_max   	-0.19564463	-0.19952178	0.011199334	
S00011.hamstrings_l-pelvis_tilt_l.KP	2.576945	2.5667912	0.12369907	
S00011.hamstrings_l-pelvis_tilt_l.KV	0.28786855	0.27503262	0.015968862	
S00011.hamstrings_l-pelvis_tilt_l.C0	0.044828096	0.044837434	0.0063306617	
S00011.glut_max_l-pelvis_tilt_l.KP  	1.5296705	1.5702563	0.12216705	
S00011.glut_max_l-pelvis_tilt_l.KV  	0.20330757	0.21854854	0.016243008	
S00011.glut_max_l-pelvis_tilt_l.C0  	-0.0052986103	0.00083846506	0.0064676022	
S00011.iliopsoas_l-pelvis_tilt_l.KP 	-1.4079033	-1.3177243	0.12208561	
S00011.iliopsoas_l-pelvis_tilt_l.KV 	-0.38401093	-0.39267281	0.015899122	
S00011.iliopsoas_l-pelvis_tilt_l.C0 	0.074799663	0.070029794	0.0062917024	
S00011.vasti_r.KF                   	1.467815	1.5143375	0.073214768	
S00011.vasti_r.C0                   	0.079737324	0.066263912	0.0065337188	
S00011.vasti_r-knee_angle.pos_max   	-0.065237585	-0.057614614	0.011526269	
S00011.hamstrings_r-pelvis_tilt_r.KP	0.97196867	1.101268	0.12380698	
S00011.hamstrings_r-pelvis_tilt_r.KV	0.25043848	0.24287909	0.016128716	
S00011.hamstrings_r-pelvis_tilt_r.C0	0.049416419	0.052436889	0.006439503	
S00011.glut_max_r-pelvis_tilt_r.KP  	0.8820313	0.77687459	0.12532462	
S00011.glut_max_r-pelvis_tilt_r.KV  	0.14906437	0.15645809	0.015981806	
S00011.glut_max_r-pelvis_tilt_r.C0  	-0.0023595877	0.0010743196	0.0064696426	
S00011.iliopsoas_r-pelvis_tilt_r.KP 	-2.9643944	-2.9055991	0.12133794	
S00011.iliopsoas_r-pelvis_tilt_r.KV 	-0.44898656	-0.46231842	0.016253091	
S00011.iliopsoas_r-pelvis_tilt_r.C0 	0.11044456	0.10066248	0.0064481171	
S00100.iliopsoas_l.C0               	0.33398623	0.30176182	0.015883032	
S00100.glut_max_l.C0                	-0.24588041	-0.24999605	0.015862748	
S00100.iliopsoas_r.C0               	0.40560589	0.40716579	0.016269465	
S00100.glut_max_r.C0                	-0.33046516	-0.32477104	0.015827402	
S11000.iliopsoas_l.KL               	0.25988836	0.25362424	0.022383493	
S11000.iliopsoas_l.L0               	0.90525713	0.8702894	0.037959806	
S11000.iliopsoas_l-pelvis_tilt_l.P0 	-0.10200289	-0.092673679	0.0067319799	
S11000.iliopsoas_l-pelvis_tilt_l.KP 	0.75170431	0.7585349	0.073699185	
S11000.iliopsoas_l-pelvis_tilt_l.KV 	0.026091231	0.032336306	0.016198515	
S11000.iliopsoas_l-hamstrings_l.KL  	-4.1304253	-4.3133782	0.25427985	
S11000.iliopsoas_l-hamstrings_l.L0  	0.79159517	0.79307272	0.053549293	
S11000.hamstrings_l.KF              	0.57050659	0.59644964	0.041145746	
S11000.glut_max_l.KF                	0.19315474	0.21167718	0.025815831	
S11000.iliopsoas_r.KL               	0.49470301	0.48432976	0.022461595	
S11000.iliopsoas_r.L0               	0.72136602	0.77682135	0.038316477	
S11000.iliopsoas_r-pelvis_tilt_r.P0 	-0.09941411	-0.094577072	0.0066800985	
S11000.iliopsoas_r-pelvis_tilt_r.KP 	1.7135284	1.6653452	0.07370909	
S11000.iliopsoas_r-pelvis_tilt_r.KV 	0.35226527	0.38726622	0.016536381	
S11000.iliopsoas_r-hamstrings_r.KL  	-6.3448524	-6.0365838	0.25627803	
S11000.iliopsoas_r-hamstrings_r.L0  	0.76196252	0.80350442	0.052573964	
S11000.hamstrings_r.KF              	0.65266661	0.6415957	0.040902735	
S11000.glut_max_r.KF                	0.39238418	0.37930537	0.026108897	
