pelvis_tilt.offset              	0.088401513	0.075020134	0.0094295292	
hip_flexion_r.offset            	0.035663585	0.03736914	0.0094221038	
knee_angle_r.offset             	-0.055476614	-0.064214828	0.0094414614	
ankle_angle_r.offset            	0.021902283	0.017104771	0.0094406753	
hip_flexion_l.offset            	0.038958693	0.023294162	0.0094294183	
knee_angle_l.offset             	0.0092294198	0.015888729	0.0094293975	
ankle_angle_l.offset            	-0.092597751	-0.089296022	0.0094398238	
stance_load_threshold           	0.14517199	0.14314439	0.0094251834	
S11111.tib_ant.KL               	1.3296945	1.2978494	0.10366406	
S11111.tib_ant.L0               	0.68934009	0.72130698	0.066894845	
S11111.tib_ant-soleus.KF        	-0.31154758	-0.34759288	0.028265472	
S00111.soleus.KF                	0.99133799	1.0211174	0.11313233	
S00111.gastroc.KF               	1.4428515	1.3166327	0.10412414	
S00011.vasti.KF                 	1.0800633	1.1036564	0.10889632	
S00011.vasti.C0                 	0.056565126	0.059699714	0.0094285815	
S00011.vasti-knee_angle.pos_max 	-0.16861547	-0.19189625	0.016512924	
S00011.hamstrings-pelvis_tilt.KP	1.4888662	1.336435	0.18002852	
S00011.hamstrings-pelvis_tilt.KV	0.36371313	0.31727202	0.023568892	
S00011.hamstrings-pelvis_tilt.C0	-0.041863616	-0.037398657	0.0094327411	
S00011.glut_max-pelvis_tilt.KP  	1.1833851	1.1721776	0.18001837	
S00011.glut_max-pelvis_tilt.KV  	0.2463227	0.29320113	0.023587424	
S00011.glut_max-pelvis_tilt.C0  	0.076535678	0.074354601	0.0094194068	
S00011.iliopsoas-pelvis_tilt.KP 	-1.2900069	-1.2535853	0.18021539	
S00011.iliopsoas-pelvis_tilt.KV 	-0.39225536	-0.40129712	0.023572167	
S00011.iliopsoas-pelvis_tilt.C0 	0.11254471	0.12316621	0.0094263662	
S00100.iliopsoas.C0             	0.27097685	0.25124924	0.023588048	
S00100.glut_max.C0              	-0.2148771	-0.25661536	0.023626177	
S11000.iliopsoas.KL             	0.30511485	0.35714312	0.033005107	
S11000.iliopsoas.L0             	0.66581603	0.55035123	0.056615643	
S11000.iliopsoas-pelvis_tilt.P0 	-0.019941654	-0.030103107	0.0098883379	
S11000.iliopsoas-pelvis_tilt.KP 	0.78606475	0.74942687	0.10838048	
S11000.iliopsoas-pelvis_tilt.KV 	0.30396937	0.28590288	0.023538637	
S11000.iliopsoas-hamstrings.KL  	-0.12950183	-0.23915716	0.37707823	
S11000.iliopsoas-hamstrings.L0  	0.87513102	0.8438698	0.080054467	
S11000.hamstrings.KF            	0.51000231	0.48442855	0.061257625	
S11000.glut_max.KF              	0.45901699	0.45405386	0.037749202	
