pelvis_tilt.offset              	0.057036957	0.063195458	0.0054640608	
hip_flexion_r.offset            	0.05810576	0.057932938	0.0053599896	
knee_angle_r.offset             	-0.048520825	-0.048975813	0.0054203992	
ankle_angle_r.offset            	0.028980397	0.015674788	0.005534634	
hip_flexion_l.offset            	0.036500878	0.030384732	0.005400343	
knee_angle_l.offset             	0.023299631	0.031935003	0.00547934	
ankle_angle_l.offset            	-0.053649461	-0.059445217	0.0055515778	
stance_load_threshold           	0.15868375	0.16515721	0.0053309645	
S11111.tib_ant.KL               	1.2001894	1.2951417	0.059233489	
S11111.tib_ant.L0               	0.76167577	0.73320578	0.037096277	
S11111.tib_ant-soleus.KF        	-0.2766922	-0.2681847	0.016703026	
S00111.soleus.KF                	0.91808371	0.91429793	0.063395255	
S00111.gastroc.KF               	1.3385152	1.362001	0.058705319	
S00011.vasti.KF                 	1.078999	1.1274327	0.061229444	
S00011.vasti.C0                 	0.049788565	0.048580035	0.005382934	
S00011.vasti-knee_angle.pos_max 	-0.19671052	-0.20503495	0.0093321127	
S00011.hamstrings-pelvis_tilt.KP	1.4871187	1.4728379	0.10318648	
S00011.hamstrings-pelvis_tilt.KV	0.35088318	0.35634484	0.013522298	
S00011.hamstrings-pelvis_tilt.C0	-0.048274824	-0.047929627	0.005395374	
S00011.glut_max-pelvis_tilt.KP  	1.1578022	1.1096724	0.10447628	
S00011.glut_max-pelvis_tilt.KV  	0.27712067	0.27906642	0.013526484	
S00011.glut_max-pelvis_tilt.C0  	0.064459214	0.061498504	0.0053233669	
S00011.iliopsoas-pelvis_tilt.KP 	-0.72927536	-0.67107111	0.10327513	
S00011.iliopsoas-pelvis_tilt.KV 	-0.38212731	-0.3972242	0.013574683	
S00011.iliopsoas-pelvis_tilt.C0 	0.13903041	0.14657637	0.0055870044	
S00100.iliopsoas.C0             	0.23003624	0.23841267	0.013306782	
S00100.glut_max.C0              	-0.22597323	-0.22873476	0.013659553	
S11000.iliopsoas.KL             	0.2472518	0.25828048	0.019340179	
S11000.iliopsoas.L0             	0.5033369	0.45632761	0.033608682	
S11000.iliopsoas-pelvis_tilt.P0 	-0.038763219	-0.036016336	0.0057130502	
S11000.iliopsoas-pelvis_tilt.KP 	1.1831856	1.227192	0.063749599	
S11000.iliopsoas-pelvis_tilt.KV 	0.28307556	0.29593736	0.013314746	
S11000.iliopsoas-hamstrings.KL  	-0.3055636	-0.40160206	0.21467338	
S11000.iliopsoas-hamstrings.L0  	0.71605649	0.70219684	0.046094385	
S11000.hamstrings.KF            	0.44761361	0.42022161	0.034415362	
S11000.glut_max.KF              	0.30063013	0.31225791	0.022246999	
