pelvis_tilt.offset              	0.054723322	0.053915745	0.0032901939	
hip_flexion_r.offset            	0.079673545	0.079282803	0.0031833307	
knee_angle_r.offset             	-0.047259136	-0.048436542	0.0032323884	
ankle_angle_r.offset            	0.036057175	0.03299617	0.0032936011	
hip_flexion_l.offset            	0.033247578	0.037815345	0.0032509215	
knee_angle_l.offset             	0.032155018	0.035023805	0.0033256695	
ankle_angle_l.offset            	-0.052122488	-0.051866225	0.0032615825	
stance_load_threshold           	0.1506781	0.15109961	0.0032013425	
S11111.tib_ant.KL               	1.253463	1.2771975	0.035302276	
S11111.tib_ant.L0               	0.80442789	0.80600166	0.020906929	
S11111.tib_ant-soleus.KF        	-0.26599406	-0.27292218	0.0102076	
S00111.soleus.KF                	0.91989989	0.89295168	0.036181596	
S00111.gastroc.KF               	1.263115	1.2872973	0.03351074	
S00011.vasti.KF                 	1.1552346	1.1763977	0.034759125	
S00011.vasti.C0                 	0.032566872	0.035889513	0.0031295519	
S00011.vasti-knee_angle.pos_max 	-0.17047783	-0.17627824	0.0055489315	
S00011.hamstrings-pelvis_tilt.KP	1.5638955	1.5919571	0.060568451	
S00011.hamstrings-pelvis_tilt.KV	0.37759411	0.38775481	0.0080159957	
S00011.hamstrings-pelvis_tilt.C0	-0.034510767	-0.034471171	0.0031967269	
S00011.glut_max-pelvis_tilt.KP  	1.4379292	1.4542874	0.062243006	
S00011.glut_max-pelvis_tilt.KV  	0.3146732	0.31655958	0.0081903249	
S00011.glut_max-pelvis_tilt.C0  	0.038893964	0.037675755	0.0032298968	
S00011.iliopsoas-pelvis_tilt.KP 	-0.89421553	-0.85501821	0.06156155	
S00011.iliopsoas-pelvis_tilt.KV 	-0.40529914	-0.41883752	0.0080594276	
S00011.iliopsoas-pelvis_tilt.C0 	0.16851492	0.16923601	0.003374739	
S00100.iliopsoas.C0             	0.29213152	0.29572212	0.0080053856	
S00100.glut_max.C0              	-0.22986582	-0.23900555	0.0081411682	
S11000.iliopsoas.KL             	0.25668193	0.26317014	0.011322723	
S11000.iliopsoas.L0             	0.5897063	0.56323617	0.020148	
S11000.iliopsoas-pelvis_tilt.P0 	-0.024789966	-0.022872724	0.003413428	
S11000.iliopsoas-pelvis_tilt.KP 	0.96774971	1.0464547	0.03762298	
S11000.iliopsoas-pelvis_tilt.KV 	0.31239236	0.32483726	0.0080673541	
S11000.iliopsoas-hamstrings.KL  	-0.47392481	-0.48367812	0.12520803	
S11000.iliopsoas-hamstrings.L0  	0.82930446	0.80453937	0.026681006	
S11000.hamstrings.KF            	0.29317044	0.32166946	0.020172166	
S11000.glut_max.KF              	0.30510438	0.30657588	0.013314682	
